4 0.594196 0.394231 0.045940 0.067197
4 0.562576 0.332818 0.038221 0.048139
4 0.531080 0.191481 0.033026 0.046518
3 0.464370 0.223983 0.012382 0.022615
3 0.472032 0.259970 0.013458 0.026496
3 0.421607 0.345249 0.012022 0.023896
3 0.488684 0.423440 0.012411 0.021801
2 0.500381 0.280972 0.017313 0.076292
2 0.554627 0.250313 0.024943 0.064936
2 0.494964 0.196492 0.041272 0.038124
1 0.515672 0.381956 0.018518 0.035275
0 0.450643 0.490497 0.022825 0.051560
0 0.663642 0.022265 0.071419 0.044529
0 0.751478 0.058417 0.022068 0.053625
