0 0.447403 0.460918 0.022113 0.048697
0 0.456073 0.545064 0.028744 0.048494
0 0.514614 0.554513 0.067149 0.050135
1 0.491105 0.491434 0.012919 0.028352
2 0.420053 0.501502 0.012104 0.081371
2 0.546759 0.455963 0.047365 0.016195
2 0.621941 0.381667 0.037128 0.049730
2 0.597626 0.209191 0.018714 0.074712
2 0.606073 0.148285 0.036729 0.039206
2 0.546538 0.070195 0.042452 0.021453
3 0.509574 0.359270 0.012571 0.022599
3 0.579079 0.425906 0.011404 0.024861
3 0.551555 0.373097 0.013386 0.021985
3 0.679438 0.119288 0.011561 0.025154
4 0.527730 0.157401 0.038405 0.024015
4 0.567930 0.133858 0.042478 0.019521
4 0.563935 0.260217 0.042754 0.032105
