4 0.718080 0.264166 0.059266 0.033546
4 0.776069 0.245038 0.046513 0.046078
4 0.751500 0.111292 0.043696 0.031210
3 0.625067 0.155019 0.015769 0.022119
3 0.597691 0.140165 0.013626 0.023381
3 0.611993 0.257130 0.015479 0.024869
3 0.690627 0.345417 0.017493 0.024538
2 0.715694 0.209853 0.024638 0.071998
2 0.769617 0.157528 0.053578 0.018843
2 0.708184 0.097746 0.048784 0.039444
1 0.715560 0.320973 0.025013 0.039647
0 0.671146 0.153869 0.032791 0.039038
0 0.858610 0.191116 0.061055 0.110255
0 0.639767 0.401364 0.032464 0.051593
