4 0.558557 0.257820 0.042946 0.028110
4 0.522122 0.157214 0.038044 0.022195
4 0.567519 0.146711 0.043958 0.020119
3 0.674169 0.119018 0.012623 0.022426
3 0.503233 0.356503 0.012215 0.022396
3 0.545561 0.371711 0.012330 0.021577
3 0.573382 0.423080 0.012079 0.022813
2 0.414148 0.498757 0.012377 0.081667
2 0.540510 0.453278 0.046259 0.014204
2 0.616901 0.379777 0.037534 0.049003
2 0.596813 0.306276 0.031858 0.065335
2 0.592857 0.208635 0.016641 0.071019
2 0.600770 0.150048 0.037738 0.038341
1 0.485244 0.488936 0.013244 0.028601
0 0.441811 0.458486 0.022662 0.047671
0 0.450102 0.542132 0.028767 0.047671
0 0.508212 0.551912 0.067045 0.050342
