0 0.602188 0.496333 0.019820 0.045361
0 0.458266 0.599928 0.023275 0.040233
0 0.400002 0.592508 0.068924 0.106386
1 0.463222 0.507989 0.018170 0.032937
2 0.511918 0.514352 0.044891 0.026596
2 0.490557 0.456182 0.043174 0.037349
2 0.563222 0.461653 0.022056 0.073486
2 0.595333 0.568968 0.039142 0.055602
2 0.422347 0.356905 0.039544 0.040949
2 0.478157 0.303754 0.032035 0.056709
3 0.342682 0.578550 0.013296 0.022342
3 0.396692 0.503946 0.013693 0.023976
3 0.495611 0.202854 0.012965 0.022003
3 0.639644 0.399864 0.011884 0.023434
4 0.589357 0.436190 0.024150 0.079383
4 0.562113 0.315200 0.043790 0.023652
4 0.436141 0.430663 0.033731 0.035768
