4 0.316764 0.220465 0.044574 0.052174
4 0.340639 0.240783 0.036901 0.042046
4 0.376804 0.189798 0.034823 0.032564
3 0.339376 0.359393 0.012386 0.024948
3 0.392024 0.393951 0.012091 0.023358
3 0.430970 0.172193 0.012243 0.025750
3 0.499559 0.128928 0.011497 0.021499
2 0.376530 0.039044 0.036383 0.033546
2 0.439132 0.076627 0.022909 0.062669
2 0.474064 0.106398 0.030995 0.057324
1 0.480215 0.367196 0.017732 0.031529
0 0.485139 0.469569 0.027597 0.049993
0 0.503246 0.283032 0.025826 0.079093
0 0.390099 0.257155 0.018959 0.042736
