0 0.658491 0.176230 0.054652 0.111181
0 0.526748 0.161324 0.024656 0.040451
0 0.500954 0.409293 0.023157 0.050835
1 0.561262 0.328567 0.019527 0.037073
2 0.561055 0.219067 0.020802 0.074913
2 0.603457 0.164865 0.041612 0.019857
2 0.555633 0.106012 0.037733 0.040512
3 0.490000 0.163078 0.012410 0.023597
3 0.468379 0.148446 0.011997 0.021934
3 0.479960 0.264842 0.012617 0.025801
3 0.541990 0.352649 0.013402 0.021670
4 0.562839 0.272160 0.045289 0.034507
4 0.608964 0.251204 0.036247 0.044921
4 0.590002 0.119507 0.034973 0.030211
