0 0.515795 0.553794 0.067721 0.050789
0 0.457279 0.544203 0.028019 0.047096
0 0.448763 0.460242 0.022245 0.048824
1 0.492421 0.491534 0.012530 0.027863
2 0.422166 0.501396 0.011969 0.080633
2 0.548321 0.455145 0.046973 0.014237
2 0.623841 0.381489 0.037844 0.045570
2 0.600631 0.209404 0.016424 0.073462
2 0.608233 0.149743 0.036901 0.038712
2 0.547919 0.070026 0.042377 0.018459
3 0.510865 0.358876 0.012530 0.023425
3 0.552470 0.372733 0.013231 0.022189
3 0.580704 0.425748 0.011977 0.026627
3 0.681299 0.121225 0.011849 0.024862
4 0.565113 0.261802 0.044435 0.035205
4 0.569203 0.134955 0.041730 0.021303
4 0.529422 0.158883 0.038580 0.026136
