4 0.454063 0.421404 0.020775 0.065283
4 0.588617 0.437370 0.025301 0.086060
4 0.492876 0.210860 0.042804 0.024000
3 0.425202 0.176842 0.011036 0.020717
3 0.635726 0.451442 0.012438 0.025238
3 0.394491 0.502340 0.013882 0.023804
3 0.379674 0.437642 0.010716 0.022845
2 0.528891 0.464242 0.037486 0.061057
2 0.465002 0.453215 0.031040 0.075608
2 0.441806 0.348909 0.041524 0.039540
2 0.476973 0.302860 0.031924 0.061872
2 0.563526 0.459166 0.023878 0.075826
2 0.595318 0.567785 0.039192 0.057683
1 0.462025 0.506585 0.019225 0.032566
0 0.457663 0.598404 0.021625 0.039932
0 0.399789 0.590321 0.066829 0.107736
0 0.609749 0.463264 0.024535 0.051147
