0 0.615605 0.458092 0.024275 0.048908
0 0.462490 0.589701 0.022123 0.040937
0 0.405188 0.583653 0.068499 0.106066
1 0.467436 0.500609 0.018973 0.034192
2 0.516004 0.507339 0.045040 0.024229
2 0.508106 0.422661 0.045810 0.020214
2 0.568647 0.455624 0.022825 0.074303
2 0.601886 0.560749 0.039332 0.057882
2 0.446596 0.346011 0.042385 0.037793
2 0.482503 0.300461 0.031653 0.057823
3 0.384577 0.433528 0.011353 0.021122
3 0.399391 0.496716 0.014030 0.022804
3 0.430260 0.178996 0.010600 0.020989
3 0.641869 0.447026 0.011780 0.024679
4 0.594852 0.432686 0.024613 0.080768
4 0.459660 0.418919 0.012799 0.072982
4 0.498296 0.212686 0.043188 0.023690
