0 0.608674 0.462707 0.024682 0.048137
0 0.456943 0.598768 0.023183 0.041871
0 0.399309 0.591593 0.067183 0.105833
1 0.461451 0.506696 0.017604 0.035278
2 0.510819 0.512122 0.045503 0.025202
2 0.595493 0.567365 0.038851 0.059703
2 0.562869 0.459015 0.022539 0.075597
2 0.489354 0.453392 0.044215 0.038768
2 0.419381 0.360148 0.039065 0.026000
2 0.476583 0.298730 0.031549 0.059726
3 0.379114 0.437278 0.011491 0.024304
3 0.394371 0.501779 0.013044 0.024487
3 0.494571 0.198327 0.012838 0.022418
3 0.635297 0.451608 0.011924 0.025574
4 0.427461 0.362677 0.040488 0.031057
4 0.560307 0.312057 0.043899 0.025681
4 0.588907 0.433992 0.024863 0.079148
