2 0.441050 0.070792 0.023405 0.062112
2 0.468674 0.150551 0.028586 0.064495
2 0.413941 0.165811 0.018666 0.064231
0 0.413424 0.302115 0.024735 0.044336
0 0.525629 0.329977 0.067252 0.080950
0 0.487769 0.466456 0.027256 0.048567
1 0.482334 0.364917 0.017572 0.030875
3 0.341707 0.356701 0.010804 0.024578
3 0.394794 0.391644 0.013460 0.024268
3 0.493914 0.235603 0.013577 0.024329
3 0.501507 0.125452 0.011726 0.022549
4 0.319263 0.214272 0.042660 0.058605
4 0.342374 0.237360 0.036970 0.044268
4 0.378544 0.184487 0.033594 0.035988
