0 0.559804 0.307942 0.060910 0.111587
0 0.495249 0.601853 0.018715 0.045157
0 0.614689 0.460782 0.023101 0.049798
1 0.509134 0.514469 0.016891 0.032904
2 0.485200 0.477938 0.046146 0.022657
2 0.521584 0.468963 0.035700 0.060352
2 0.562507 0.463582 0.038754 0.056759
2 0.599989 0.564532 0.040540 0.057208
2 0.445117 0.346519 0.041701 0.040195
2 0.521742 0.344671 0.046920 0.024147
3 0.400772 0.401359 0.012220 0.024304
3 0.431491 0.512579 0.013769 0.025307
3 0.640498 0.448612 0.012395 0.025307
3 0.455430 0.248432 0.012748 0.024678
4 0.461433 0.423888 0.010727 0.074588
4 0.594234 0.434970 0.024675 0.085284
4 0.497569 0.232960 0.044496 0.023256
