4 0.436556 0.430037 0.032234 0.037502
4 0.589515 0.432921 0.026332 0.077225
4 0.525896 0.251092 0.043984 0.022408
3 0.496062 0.201309 0.012555 0.020254
3 0.640744 0.397064 0.010805 0.025108
3 0.395504 0.500935 0.014245 0.025280
3 0.341258 0.574974 0.014245 0.023650
2 0.421832 0.353287 0.041117 0.041070
2 0.490497 0.453433 0.045236 0.036859
2 0.511929 0.510826 0.044448 0.025662
2 0.596450 0.564936 0.038811 0.057158
2 0.563676 0.459289 0.021433 0.073134
2 0.479462 0.227270 0.030021 0.056904
1 0.462991 0.504824 0.018250 0.033657
0 0.399829 0.588123 0.065325 0.103111
0 0.457709 0.596432 0.021134 0.040479
0 0.602645 0.492685 0.019692 0.046253
