4 0.591512 0.434188 0.025884 0.078873
4 0.460983 0.422987 0.011641 0.071342
4 0.495143 0.236275 0.041911 0.021505
3 0.400000 0.401738 0.011168 0.024618
3 0.430110 0.512102 0.013404 0.025345
3 0.453813 0.251112 0.014256 0.020904
3 0.637919 0.449388 0.011577 0.024233
2 0.483530 0.478477 0.045491 0.024766
2 0.519800 0.468488 0.036301 0.059229
2 0.560694 0.463102 0.038140 0.057072
2 0.598298 0.562980 0.039827 0.055997
2 0.519005 0.347024 0.045129 0.029140
2 0.444209 0.346423 0.042429 0.038228
1 0.507824 0.514722 0.016592 0.032528
0 0.493612 0.600382 0.017617 0.043076
0 0.611868 0.461027 0.023281 0.048458
0 0.556900 0.309637 0.058633 0.110808
