0 0.463756 0.228675 0.025011 0.035860
0 0.451524 0.484695 0.022989 0.049106
0 0.616984 0.231225 0.042446 0.109300
1 0.517711 0.377677 0.019669 0.034996
2 0.502694 0.278742 0.016994 0.075592
2 0.547124 0.232059 0.036147 0.047111
2 0.494377 0.179784 0.044320 0.028712
3 0.404436 0.226742 0.011000 0.020097
3 0.426939 0.237476 0.012327 0.021966
3 0.422230 0.341452 0.013396 0.022427
3 0.491240 0.417234 0.014053 0.022807
4 0.534036 0.189806 0.037677 0.034773
4 0.566806 0.334561 0.038190 0.047558
4 0.557929 0.376400 0.015579 0.029836
