4 0.493949 0.215186 0.042368 0.022883
4 0.589869 0.436018 0.025699 0.081412
4 0.455494 0.423971 0.011562 0.072682
3 0.395418 0.501144 0.012997 0.021709
3 0.380462 0.438655 0.012111 0.020163
3 0.424804 0.180583 0.010646 0.017764
3 0.637208 0.451686 0.010464 0.023581
2 0.512780 0.512585 0.045889 0.031010
2 0.596642 0.566081 0.038729 0.057823
2 0.563328 0.461412 0.023128 0.073328
2 0.503124 0.427975 0.045521 0.023262
2 0.442277 0.349313 0.040933 0.037155
2 0.477794 0.303763 0.032305 0.055892
1 0.462763 0.505639 0.018907 0.032630
0 0.458575 0.596601 0.023474 0.041315
0 0.399593 0.588733 0.067450 0.104881
0 0.610950 0.462504 0.023580 0.050253
