0 0.555581 0.308247 0.059836 0.114432
0 0.605709 0.637588 0.026046 0.048044
0 0.512139 0.716576 0.026754 0.050399
1 0.506775 0.566701 0.014914 0.030963
2 0.502299 0.608051 0.015815 0.074838
2 0.534238 0.611953 0.010093 0.082114
2 0.572724 0.620297 0.012354 0.083183
2 0.482097 0.477502 0.044985 0.020752
2 0.442480 0.344654 0.040977 0.040113
2 0.518554 0.346941 0.045495 0.030692
3 0.443829 0.555124 0.014564 0.023777
3 0.421097 0.388194 0.013705 0.022619
3 0.453326 0.250293 0.013945 0.017758
3 0.636989 0.447818 0.011149 0.022077
4 0.458493 0.421324 0.012657 0.072957
4 0.512122 0.420384 0.045642 0.035260
4 0.575918 0.453766 0.041276 0.075643
