4 0.528309 0.152947 0.039317 0.022438
4 0.568742 0.130991 0.041549 0.024435
4 0.564730 0.256017 0.042958 0.035011
3 0.510469 0.353979 0.011193 0.021945
3 0.552320 0.368455 0.013994 0.021698
3 0.580025 0.420976 0.012869 0.022685
3 0.679892 0.114458 0.012313 0.023665
2 0.547477 0.065733 0.042398 0.018497
2 0.607360 0.142831 0.036367 0.038497
2 0.600006 0.203841 0.016931 0.072737
2 0.623018 0.375688 0.038081 0.050060
2 0.547559 0.451316 0.046749 0.013852
2 0.422230 0.496589 0.014911 0.080957
1 0.492288 0.486017 0.013175 0.030000
0 0.448621 0.455112 0.023090 0.047846
0 0.456409 0.540202 0.029737 0.050755
0 0.515412 0.549862 0.066817 0.049925
