0 0.445075 0.462790 0.022942 0.047366
0 0.453108 0.546856 0.029032 0.050543
0 0.510886 0.556101 0.066249 0.049315
1 0.488066 0.494033 0.012846 0.027530
2 0.417992 0.503341 0.012154 0.080134
2 0.543248 0.458251 0.045499 0.013318
2 0.611167 0.347887 0.043667 0.012723
2 0.606417 0.320219 0.037837 0.043787
2 0.537672 0.209364 0.040507 0.036168
2 0.602024 0.153162 0.036806 0.039658
3 0.506262 0.363378 0.011333 0.025253
3 0.574910 0.429118 0.011253 0.025394
3 0.547383 0.376603 0.011815 0.021689
3 0.673680 0.124647 0.011945 0.027121
4 0.561130 0.261812 0.046660 0.030067
4 0.524344 0.160342 0.040557 0.020982
4 0.568653 0.149252 0.042502 0.021451
