4 0.562364 0.314273 0.044510 0.021643
4 0.437356 0.430761 0.032434 0.038146
4 0.589500 0.437517 0.025078 0.083188
3 0.636351 0.452325 0.011862 0.026112
3 0.496211 0.203711 0.011732 0.025041
3 0.380708 0.438817 0.011715 0.022924
3 0.396034 0.503753 0.012808 0.024898
2 0.421074 0.358308 0.043031 0.041485
2 0.477598 0.303105 0.033514 0.060090
2 0.491003 0.456809 0.043897 0.041093
2 0.512087 0.514175 0.045410 0.027114
2 0.563659 0.463595 0.022703 0.077920
2 0.596528 0.569039 0.039571 0.057762
1 0.463182 0.507732 0.018773 0.033384
0 0.400639 0.591948 0.066944 0.105599
0 0.458277 0.599258 0.022900 0.041952
0 0.610113 0.463726 0.023682 0.050497
