4 0.587668 0.159996 0.020832 0.063170
4 0.562841 0.270320 0.045876 0.034752
4 0.663377 0.316167 0.041233 0.043313
3 0.542149 0.349691 0.013575 0.021551
3 0.479850 0.262331 0.012415 0.025218
3 0.468753 0.146333 0.011959 0.023148
3 0.499396 0.131965 0.013331 0.023358
2 0.622157 0.211009 0.019046 0.067681
2 0.561659 0.216770 0.020532 0.072455
2 0.555842 0.104319 0.038675 0.042748
1 0.560967 0.325885 0.020380 0.036860
0 0.507096 0.176378 0.019114 0.043931
0 0.501353 0.406487 0.024023 0.048998
0 0.607856 0.352165 0.061722 0.084465
