4 0.321597 0.214508 0.043788 0.056534
4 0.343790 0.237203 0.037176 0.042466
4 0.378938 0.143376 0.032527 0.036361
1 0.519709 0.518842 0.014994 0.026541
3 0.360389 0.310045 0.012752 0.023805
3 0.514000 0.270233 0.011626 0.024571
3 0.493584 0.167564 0.012119 0.020571
3 0.519756 0.154733 0.012242 0.024549
0 0.424826 0.390402 0.026442 0.046820
0 0.490208 0.466684 0.025902 0.050962
0 0.443924 0.260075 0.039720 0.118496
2 0.434590 0.164523 0.021766 0.065932
2 0.505372 0.286966 0.017987 0.077045
2 0.444123 0.072951 0.023924 0.063060
