0 0.519865 0.199198 0.024255 0.050956
0 0.501507 0.406096 0.023664 0.050429
0 0.570840 0.370527 0.062043 0.115723
1 0.555916 0.335128 0.017564 0.034563
2 0.561254 0.215546 0.020253 0.072071
2 0.621895 0.209458 0.019460 0.070392
2 0.555918 0.103114 0.037881 0.039932
3 0.468392 0.146491 0.011718 0.021762
3 0.501321 0.148434 0.012799 0.023569
3 0.479945 0.261254 0.012140 0.024104
3 0.534776 0.356066 0.011553 0.026574
4 0.640173 0.310678 0.010046 0.024774
4 0.564453 0.269115 0.046745 0.044676
4 0.588618 0.157907 0.021304 0.061596
